Broadcast: 1002 broadcast 1 * Hoi! , [0,0,1,0,0]
Broadcast: 1003 broadcast 1 * Hoi! , [0,0,0,1,0]
1002 --> 1003 1 * Hoi!  , [0,0,1,0,0]
1003 --> 1002 1 * Hoi!  , [0,0,0,1,0]
Broadcast: 1004 broadcast 1 * Hoi! , [0,0,0,0,1]
1004 --> 1002 1 * Hoi!  , [0,0,0,0,1]
Broadcast: 1000 broadcast 1 * Hoi! , [1,0,0,0,0]
1000 --> 1002 1 * Hoi!  , [1,0,0,0,0]
Broadcast: 1001 broadcast 1 * Hoi! , [0,1,0,0,0]
1001 --> 1002 1 * Hoi!  , [0,1,0,0,0]
1001 --> 1003 1 * Hoi!  , [0,1,0,0,0]
1003 --> 1004 1 * Hoi!  , [0,0,0,1,0]
1002 --> 1004 1 * Hoi!  , [0,0,2,0,0]
1004 --> 1003 1 * Hoi!  , [0,0,0,0,1]
1000 --> 1003 1 * Hoi!  , [1,0,0,0,0]
1001 --> 1004 1 * Hoi!  , [0,1,0,0,0]
1001 --> 1000 1 * Hoi!  , [0,1,0,0,0]
1002 --> 1000 1 * Hoi!  , [0,0,2,0,0]
1004 --> 1000 1 * Hoi!  , [0,0,0,0,2]
1000 --> 1004 1 * Hoi!  , [1,0,0,0,0]
1002 --> 1001 1 * Hoi!  , [0,0,2,0,0]
1003 --> 1000 1 * Hoi!  , [0,0,0,2,0]
1003 --> 1001 1 * Hoi!  , [0,0,0,2,0]
1004 --> 1001 1 * Hoi!  , [0,0,0,0,2]
Broadcast: 1003 broadcast 2 * Hoi! , [1,1,2,6,2]
1003 --> 1002 2 * Hoi!  , [1,1,2,6,2]
Broadcast: 1001 broadcast 2 * Hoi! , [0,3,0,2,0]
1001 --> 1002 2 * Hoi!  , [0,3,0,2,0]
1000 --> 1001 1 * Hoi!  , [2,0,0,0,0]
Broadcast: 1002 broadcast 2 * Hoi! , [1,1,6,1,1]
1002 --> 1003 2 * Hoi!  , [1,1,6,1,1]
Broadcast: 1004 broadcast 2 * Hoi! , [2,1,2,2,6]
1004 --> 1002 2 * Hoi!  , [2,1,2,2,6]
1001 --> 1003 2 * Hoi!  , [0,4,0,2,0]
1003 --> 1004 2 * Hoi!  , [1,1,2,6,2]
1002 --> 1004 2 * Hoi!  , [1,1,6,1,1]
Broadcast: 1000 broadcast 2 * Hoi! , [6,2,2,2,2]
1000 --> 1002 2 * Hoi!  , [6,2,2,2,2]
1004 --> 1003 2 * Hoi!  , [2,1,2,2,6]
1001 --> 1004 2 * Hoi!  , [0,4,0,2,0]
1003 --> 1000 2 * Hoi!  , [1,1,2,7,2]
1000 --> 1003 2 * Hoi!  , [6,2,2,2,2]
1004 --> 1000 2 * Hoi!  , [2,1,2,2,7]
1001 --> 1000 2 * Hoi!  , [0,4,0,2,0]
1000 --> 1004 2 * Hoi!  , [6,2,2,2,2]
1004 --> 1001 2 * Hoi!  , [2,1,2,2,7]
1002 --> 1000 2 * Hoi!  , [1,1,6,1,1]
1002 --> 1001 2 * Hoi!  , [1,1,6,1,1]
1003 --> 1001 2 * Hoi!  , [1,1,2,7,2]
1000 --> 1001 2 * Hoi!  , [7,2,2,2,2]
Broadcast: 1001 broadcast 3 * Hoi! , [2,7,2,2,2]
1001 --> 1002 3 * Hoi!  , [2,7,2,2,2]
1001 --> 1003 3 * Hoi!  , [2,7,2,2,2]
1001 --> 1004 3 * Hoi!  , [2,8,2,2,2]
Broadcast: 1004 broadcast 3 * Hoi! , [7,4,6,7,11]
Broadcast: 1000 broadcast 3 * Hoi! , [11,4,6,7,7]
1004 --> 1002 3 * Hoi!  , [7,4,6,7,11]
1000 --> 1002 3 * Hoi!  , [11,4,6,7,7]
1001 --> 1000 3 * Hoi!  , [2,8,2,2,2]
Broadcast: 1003 broadcast 3 * Hoi! , [6,8,6,11,2]
1003 --> 1002 3 * Hoi!  , [6,8,6,11,2]
1003 --> 1004 3 * Hoi!  , [6,8,6,11,2]
Broadcast: 1002 broadcast 3 * Hoi! , [1,1,7,1,1]
1002 --> 1003 3 * Hoi!  , [1,1,7,1,1]
1000 --> 1003 3 * Hoi!  , [11,4,6,7,7]
1004 --> 1003 3 * Hoi!  , [7,4,6,7,12]
1000 --> 1004 3 * Hoi!  , [11,4,6,7,7]
1003 --> 1000 3 * Hoi!  , [6,8,6,12,2]
1002 --> 1004 3 * Hoi!  , [1,1,7,1,1]
1000 --> 1001 3 * Hoi!  , [12,4,6,7,7]
1004 --> 1000 3 * Hoi!  , [7,4,6,7,12]
1004 --> 1001 3 * Hoi!  , [7,4,6,7,12]
1002 --> 1000 3 * Hoi!  , [1,1,7,1,1]
1003 --> 1001 3 * Hoi!  , [6,8,6,12,2]
1002 --> 1001 3 * Hoi!  , [1,1,7,1,1]
