Broadcast: 1002 broadcast 1 * Hoi! , [0,0,1,0,0]
Broadcast: 1003 broadcast 1 * Hoi! , [0,0,0,1,0]
1002 --> 1003 1 * Hoi!  , [0,0,1,0,0]
1003 --> 1002 1 * Hoi!  , [0,0,0,1,0]
Broadcast: 1004 broadcast 1 * Hoi! , [0,0,0,0,1]
1004 --> 1002 1 * Hoi!  , [0,0,0,0,1]
Broadcast: 1000 broadcast 1 * Hoi! , [1,0,0,0,0]
1000 --> 1002 1 * Hoi!  , [1,0,0,0,0]
Broadcast: 1001 broadcast 1 * Hoi! , [0,1,0,0,0]
1001 --> 1002 1 * Hoi!  , [0,1,0,0,0]
1000 --> 1003 1 * Hoi!  , [1,0,0,0,0]
1002 --> 1004 1 * Hoi!  , [0,0,2,0,0]
1001 --> 1003 1 * Hoi!  , [0,1,0,0,0]
1004 --> 1003 1 * Hoi!  , [0,0,0,0,1]
1000 --> 1004 1 * Hoi!  , [1,0,0,0,0]
1002 --> 1000 1 * Hoi!  , [0,0,2,0,0]
1000 --> 1001 1 * Hoi!  , [2,0,0,0,0]
1002 --> 1001 1 * Hoi!  , [0,0,2,0,0]
1001 --> 1004 1 * Hoi!  , [0,1,0,0,0]
1004 --> 1000 1 * Hoi!  , [0,0,0,0,2]
1001 --> 1000 1 * Hoi!  , [0,1,0,0,0]
1003 --> 1004 1 * Hoi!  , [0,0,0,2,0]
1003 --> 1000 1 * Hoi!  , [0,0,0,2,0]
1003 --> 1001 1 * Hoi!  , [0,0,0,2,0]
1004 --> 1001 1 * Hoi!  , [0,0,0,0,2]
Broadcast: 1002 broadcast 2 * Hoi! , [1,1,6,2,1]
1002 --> 1003 2 * Hoi!  , [1,1,6,2,1]
Broadcast: 1001 broadcast 2 * Hoi! , [2,4,2,0,0]
1001 --> 1002 2 * Hoi!  , [2,4,2,0,0]
Broadcast: 1003 broadcast 2 * Hoi! , [1,1,2,6,2]
1003 --> 1002 2 * Hoi!  , [1,1,2,6,2]
Broadcast: 1004 broadcast 2 * Hoi! , [1,1,2,2,6]
1004 --> 1002 2 * Hoi!  , [1,1,2,2,6]
1003 --> 1004 2 * Hoi!  , [1,1,2,6,2]
1002 --> 1004 2 * Hoi!  , [1,1,6,2,1]
1004 --> 1003 2 * Hoi!  , [1,1,2,2,6]
1003 --> 1000 2 * Hoi!  , [1,1,2,7,2]
1001 --> 1003 2 * Hoi!  , [2,5,2,0,0]
1004 --> 1000 2 * Hoi!  , [1,1,2,2,7]
1001 --> 1004 2 * Hoi!  , [2,5,2,0,0]
1004 --> 1001 2 * Hoi!  , [1,1,2,2,7]
1003 --> 1001 2 * Hoi!  , [1,1,2,7,2]
1002 --> 1000 2 * Hoi!  , [1,1,7,2,1]
1001 --> 1000 2 * Hoi!  , [2,5,2,0,0]
1002 --> 1001 2 * Hoi!  , [1,1,7,2,1]
Broadcast: 1003 broadcast 3 * Hoi! , [1,1,6,9,7]
1003 --> 1002 3 * Hoi!  , [1,1,6,9,7]
Broadcast: 1002 broadcast 3 * Hoi! , [1,1,9,6,6]
1002 --> 1003 3 * Hoi!  , [1,1,9,6,6]
1003 --> 1004 3 * Hoi!  , [1,1,6,9,7]
1002 --> 1004 3 * Hoi!  , [1,1,9,6,6]
Broadcast: 1002 broadcast 1 * Hoi! , [0,0,1,0,0]
Broadcast: 1003 broadcast 1 * Hoi! , [0,0,0,1,0]
1002 --> 1003 1 * Hoi!  , [0,0,1,0,0]
1003 --> 1002 1 * Hoi!  , [0,0,0,1,0]
Broadcast: 1004 broadcast 1 * Hoi! , [0,0,0,0,1]
1004 --> 1002 1 * Hoi!  , [0,0,0,0,1]
Broadcast: 1000 broadcast 1 * Hoi! , [1,0,0,0,0]
1000 --> 1002 1 * Hoi!  , [1,0,0,0,0]
Broadcast: 1001 broadcast 1 * Hoi! , [0,1,0,0,0]
1001 --> 1002 1 * Hoi!  , [0,1,0,0,0]
1003 --> 1004 1 * Hoi!  , [0,0,0,1,0]
1001 --> 1003 1 * Hoi!  , [0,1,0,0,0]
1002 --> 1004 1 * Hoi!  , [0,0,2,0,0]
1000 --> 1003 1 * Hoi!  , [1,0,0,0,0]
1001 --> 1004 1 * Hoi!  , [0,1,0,0,0]
1004 --> 1003 1 * Hoi!  , [0,0,0,0,1]
1004 --> 1000 1 * Hoi!  , [0,0,0,0,1]
1003 --> 1000 1 * Hoi!  , [0,0,0,2,0]
1001 --> 1000 1 * Hoi!  , [0,1,0,0,0]
1003 --> 1001 1 * Hoi!  , [0,0,0,2,0]
1002 --> 1000 1 * Hoi!  , [0,0,2,0,0]
1002 --> 1001 1 * Hoi!  , [0,0,2,0,0]
Broadcast: 1003 broadcast 2 * Hoi! , [0,1,2,5,1]
1003 --> 1002 2 * Hoi!  , [0,1,2,6,1]
1000 --> 1004 1 * Hoi!  , [2,0,0,0,0]
1004 --> 1001 1 * Hoi!  , [0,0,0,0,2]
1003 --> 1004 2 * Hoi!  , [0,1,2,6,1]
1003 --> 1000 2 * Hoi!  , [0,1,2,6,1]
1000 --> 1001 1 * Hoi!  , [2,0,0,0,0]
1003 --> 1001 2 * Hoi!  , [0,1,2,6,1]
Broadcast: 1000 broadcast 2 * Hoi! , [7,2,2,6,2]
1000 --> 1002 2 * Hoi!  , [7,2,2,6,2]
1000 --> 1003 2 * Hoi!  , [7,2,2,6,2]
1000 --> 1004 2 * Hoi!  , [7,2,2,6,2]
1000 --> 1001 2 * Hoi!  , [7,2,2,6,2]
Broadcast: 1000 broadcast 3 * Hoi! , [8,2,2,6,2]
1000 --> 1002 3 * Hoi!  , [8,2,2,6,2]
1000 --> 1003 3 * Hoi!  , [8,2,2,6,2]
1000 --> 1004 3 * Hoi!  , [8,2,2,6,2]
1000 --> 1001 3 * Hoi!  , [8,2,2,6,2]
Broadcast: 1002 broadcast 1 * Hoi! , [0,1,0,0,0]
Broadcast: 1003 broadcast 1 * Hoi! , [0,0,1,0,0]
1003 --> 1002 1 * Hoi!  , [0,0,1,0,0]
1002 --> 1003 1 * Hoi!  , [0,1,0,0,0]
Broadcast: 1004 broadcast 1 * Hoi! , [0,0,0,1,0]
1004 --> 1002 1 * Hoi!  , [0,0,0,1,0]
Broadcast: 1005 broadcast 1 * Hoi! , [0,0,0,0,1]
1005 --> 1002 1 * Hoi!  , [0,0,0,0,1]
Broadcast: 1001 broadcast 1 * Hoi! , [1,0,0,0,0]
1001 --> 1002 1 * Hoi!  , [1,0,0,0,0]
1001 --> 1003 1 * Hoi!  , [1,0,0,0,0]
1003 --> 1004 1 * Hoi!  , [0,0,1,0,0]
1004 --> 1003 1 * Hoi!  , [0,0,0,1,0]
1003 --> 1005 1 * Hoi!  , [0,0,1,0,0]
1005 --> 1003 1 * Hoi!  , [0,0,0,0,1]
1003 --> 1001 1 * Hoi!  , [0,0,1,0,0]
1002 --> 1004 1 * Hoi!  , [0,2,0,0,0]
1001 --> 1004 1 * Hoi!  , [1,0,0,0,0]
1001 --> 1005 1 * Hoi!  , [1,0,0,0,0]
1004 --> 1005 1 * Hoi!  , [0,0,0,2,0]
1002 --> 1005 1 * Hoi!  , [0,2,0,0,0]
1005 --> 1004 1 * Hoi!  , [0,0,0,0,2]
Broadcast: 1001 broadcast 2 * Hoi! , [3,0,2,0,0]
1001 --> 1002 2 * Hoi!  , [3,0,2,0,0]
Broadcast: 1003 broadcast 2 * Hoi! , [1,2,6,2,2]
1003 --> 1002 2 * Hoi!  , [1,2,6,2,2]
1002 --> 1001 1 * Hoi!  , [0,2,0,0,0]
1004 --> 1001 1 * Hoi!  , [0,0,0,2,0]
1005 --> 1001 1 * Hoi!  , [0,0,0,0,2]
Broadcast: 1004 broadcast 2 * Hoi! , [1,2,1,6,2]
1004 --> 1002 2 * Hoi!  , [1,2,1,6,2]
1004 --> 1003 2 * Hoi!  , [1,2,1,6,2]
1003 --> 1004 2 * Hoi!  , [1,2,6,2,2]
1003 --> 1005 2 * Hoi!  , [1,2,6,2,2]
1001 --> 1003 2 * Hoi!  , [4,0,2,0,0]
Broadcast: 1002 broadcast 2 * Hoi! , [1,6,1,1,1]
1003 --> 1001 2 * Hoi!  , [1,2,6,2,2]
1002 --> 1003 2 * Hoi!  , [1,6,1,1,1]
1004 --> 1005 2 * Hoi!  , [1,2,1,7,2]
1002 --> 1004 2 * Hoi!  , [1,6,1,1,1]
Broadcast: 1003 broadcast 3 * Hoi! , [1,6,9,7,2]
1003 --> 1002 3 * Hoi!  , [1,6,9,7,2]
1001 --> 1004 2 * Hoi!  , [4,0,2,0,0]
1004 --> 1001 2 * Hoi!  , [1,2,1,7,2]
1001 --> 1005 2 * Hoi!  , [4,0,2,0,0]
1002 --> 1005 2 * Hoi!  , [1,6,1,1,1]
1003 --> 1004 3 * Hoi!  , [1,6,10,7,2]
Broadcast: 1001 broadcast 3 * Hoi! , [9,2,7,7,2]
1001 --> 1002 3 * Hoi!  , [9,2,7,7,2]
1002 --> 1001 2 * Hoi!  , [1,6,1,1,1]
1001 --> 1003 3 * Hoi!  , [9,2,7,7,2]
1003 --> 1005 3 * Hoi!  , [1,6,10,7,2]
Broadcast: 1002 broadcast 3 * Hoi! , [1,7,1,1,1]
1002 --> 1003 3 * Hoi!  , [1,7,1,1,1]
1001 --> 1004 3 * Hoi!  , [10,2,7,7,2]
1002 --> 1004 3 * Hoi!  , [1,7,1,1,1]
1003 --> 1001 3 * Hoi!  , [1,6,10,7,2]
1002 --> 1005 3 * Hoi!  , [1,7,1,1,1]
1002 --> 1001 3 * Hoi!  , [1,7,1,1,1]
1001 --> 1005 3 * Hoi!  , [10,2,7,7,2]
Broadcast: 1002 broadcast 1 * Hoi! , [0,1,0,0,0]
1002 --> 1003 1 * Hoi!  , [0,1,0,0,0]
Broadcast: 1003 broadcast 1 * Hoi! , [0,0,1,0,0]
1003 --> 1002 1 * Hoi!  , [0,0,1,0,0]
Broadcast: 1004 broadcast 1 * Hoi! , [0,0,0,1,0]
1004 --> 1002 1 * Hoi!  , [0,0,0,1,0]
Broadcast: 1005 broadcast 1 * Hoi! , [0,0,0,0,1]
1005 --> 1002 1 * Hoi!  , [0,0,0,0,1]
Broadcast: 1001 broadcast 1 * Hoi! , [1,0,0,0,0]
1001 --> 1002 1 * Hoi!  , [1,0,0,0,0]
1003 --> 1004 1 * Hoi!  , [0,0,1,0,0]
1001 --> 1003 1 * Hoi!  , [1,0,0,0,0]
1004 --> 1003 1 * Hoi!  , [0,0,0,1,0]
1002 --> 1004 1 * Hoi!  , [0,2,0,0,0]
1002 --> 1005 1 * Hoi!  , [0,2,0,0,0]
1005 --> 1003 1 * Hoi!  , [0,0,0,0,1]
1003 --> 1005 1 * Hoi!  , [0,0,2,0,0]
1001 --> 1004 1 * Hoi!  , [1,0,0,0,0]
1003 --> 1001 1 * Hoi!  , [0,0,2,0,0]
1001 --> 1005 1 * Hoi!  , [1,0,0,0,0]
1004 --> 1005 1 * Hoi!  , [0,0,0,2,0]
Broadcast: 1001 broadcast 2 * Hoi! , [3,0,2,0,0]
1001 --> 1002 2 * Hoi!  , [3,0,2,0,0]
1005 --> 1004 1 * Hoi!  , [0,0,0,0,2]
1002 --> 1001 1 * Hoi!  , [0,2,0,0,0]
1004 --> 1001 1 * Hoi!  , [0,0,0,2,0]
1001 --> 1003 2 * Hoi!  , [3,0,2,0,0]
Broadcast: 1002 broadcast 2 * Hoi! , [1,6,1,1,1]
1002 --> 1003 2 * Hoi!  , [1,6,1,1,1]
1005 --> 1001 1 * Hoi!  , [0,0,0,0,2]
Broadcast: 1004 broadcast 2 * Hoi! , [1,2,2,6,2]
1004 --> 1002 2 * Hoi!  , [1,2,2,6,2]
1001 --> 1004 2 * Hoi!  , [4,0,2,0,0]
Broadcast: 1005 broadcast 2 * Hoi! , [1,2,2,2,6]
1005 --> 1002 2 * Hoi!  , [1,2,2,2,6]
1004 --> 1003 2 * Hoi!  , [1,2,2,6,2]
1001 --> 1005 2 * Hoi!  , [4,0,2,0,0]
1004 --> 1005 2 * Hoi!  , [1,2,2,7,2]
1002 --> 1004 2 * Hoi!  , [1,6,1,1,1]
Broadcast: 1001 broadcast 3 * Hoi! , [7,2,2,2,2]
1001 --> 1002 3 * Hoi!  , [7,2,2,2,2]
1002 --> 1005 2 * Hoi!  , [1,6,1,1,1]
1005 --> 1003 2 * Hoi!  , [1,2,2,2,7]
1004 --> 1001 2 * Hoi!  , [1,2,2,7,2]
1001 --> 1003 3 * Hoi!  , [7,2,2,2,2]
1005 --> 1004 2 * Hoi!  , [1,2,2,2,7]
1005 --> 1001 2 * Hoi!  , [1,2,2,2,7]
1002 --> 1001 2 * Hoi!  , [1,6,1,1,1]
1001 --> 1004 3 * Hoi!  , [8,2,2,2,2]
1001 --> 1005 3 * Hoi!  , [8,2,2,2,2]
Broadcast: 1002 broadcast 3 * Hoi! , [1,7,1,1,1]
1002 --> 1003 3 * Hoi!  , [1,7,1,1,1]
1002 --> 1004 3 * Hoi!  , [1,7,1,1,1]
1002 --> 1005 3 * Hoi!  , [1,7,1,1,1]
1002 --> 1001 3 * Hoi!  , [1,7,1,1,1]
Broadcast: 1002 broadcast 1 * Hoi! , [0,1,0,0,0]
Broadcast: 1003 broadcast 1 * Hoi! , [0,0,1,0,0]
1002 --> 1003 1 * Hoi!  , [0,1,0,0,0]
1003 --> 1002 1 * Hoi!  , [0,0,1,0,0]
Broadcast: 1004 broadcast 1 * Hoi! , [0,0,0,1,0]
1004 --> 1002 1 * Hoi!  , [0,0,0,1,0]
Broadcast: 1005 broadcast 1 * Hoi! , [0,0,0,0,1]
1005 --> 1002 1 * Hoi!  , [0,0,0,0,1]
Broadcast: 1001 broadcast 1 * Hoi! , [1,0,0,0,0]
1001 --> 1002 1 * Hoi!  , [1,0,0,0,0]
1004 --> 1003 1 * Hoi!  , [0,0,0,1,0]
1003 --> 1004 1 * Hoi!  , [0,0,1,0,0]
1005 --> 1003 1 * Hoi!  , [0,0,0,0,1]
1003 --> 1005 1 * Hoi!  , [0,0,1,0,0]
1005 --> 1004 1 * Hoi!  , [0,0,0,0,1]
1005 --> 1001 1 * Hoi!  , [0,0,0,0,1]
1001 --> 1003 1 * Hoi!  , [1,0,0,0,0]
1002 --> 1004 1 * Hoi!  , [0,2,0,0,0]
1003 --> 1001 1 * Hoi!  , [0,0,2,0,0]
Broadcast: 1005 broadcast 2 * Hoi! , [0,0,2,0,3]
1005 --> 1002 2 * Hoi!  , [0,0,2,0,3]
1002 --> 1005 1 * Hoi!  , [0,2,0,0,0]
1004 --> 1005 1 * Hoi!  , [0,0,0,2,0]
1002 --> 1001 1 * Hoi!  , [0,2,0,0,0]
1005 --> 1003 2 * Hoi!  , [0,0,2,0,4]
1001 --> 1004 1 * Hoi!  , [2,0,0,0,0]
1004 --> 1001 1 * Hoi!  , [0,0,0,2,0]
1001 --> 1005 1 * Hoi!  , [2,0,0,0,0]
Broadcast: 1003 broadcast 2 * Hoi! , [2,2,6,2,1]
1003 --> 1002 2 * Hoi!  , [2,2,6,2,1]
1003 --> 1004 2 * Hoi!  , [2,2,6,2,1]
1003 --> 1005 2 * Hoi!  , [2,2,6,2,1]
1005 --> 1004 2 * Hoi!  , [0,0,2,0,4]
1003 --> 1001 2 * Hoi!  , [2,2,7,2,1]
Broadcast: 1001 broadcast 2 * Hoi! , [6,2,2,2,1]
1001 --> 1002 2 * Hoi!  , [6,2,2,2,1]
Broadcast: 1004 broadcast 2 * Hoi! , [2,2,6,7,1]
1004 --> 1002 2 * Hoi!  , [2,2,6,7,1]
1001 --> 1003 2 * Hoi!  , [6,2,2,2,1]
1005 --> 1001 2 * Hoi!  , [0,0,2,0,4]
1001 --> 1004 2 * Hoi!  , [7,2,2,2,1]
1004 --> 1003 2 * Hoi!  , [2,2,6,8,1]
1001 --> 1005 2 * Hoi!  , [7,2,2,2,1]
1004 --> 1005 2 * Hoi!  , [2,2,6,8,1]
1004 --> 1001 2 * Hoi!  , [2,2,6,8,1]
Broadcast: 1001 broadcast 3 * Hoi! , [9,2,7,2,4]
1001 --> 1002 3 * Hoi!  , [10,2,7,2,4]
1001 --> 1003 3 * Hoi!  , [10,2,7,2,4]
1001 --> 1004 3 * Hoi!  , [10,2,7,2,4]
1001 --> 1005 3 * Hoi!  , [10,2,7,2,4]
